919 -256 700 -955 -940 -146 -311 -67 -865 741 96 873 -604 -993 -94 506 81 152 -874 326 250 -727 724 879 299 834 -691 -365 636 -573 577 534 183 777 -332 -52 -158 -861 -229 77 -858 640 -458
-624 -19 -509 929 786 5 828 -857 612 -662 991 963 -452 698 -797 -749 -587 -145 39 -883 307 917 797 -310 501 -163 -770 762 512 -501 -319 904 -395 181 -222 -437 -227 -967
392 -686 -423 404 50 -243 -258 -882 808 889 -96 -502 -680 -603 -917 349 879 526 455 -881 464 949 -735 -315 194
182 656 550 -391 182 699 247 503 693 -955 383 -186 -948 -554 -401 608 -61 -724 -904 176 979 -359 -722 560 -17 650 862 432 169 -130 177 806 522 -198 897 -377 216 423 748 -556 371 518
703 -365 851 -609 -75 456 664 802 459 -264 -367 -301 428 836 897 -39 984 229 -132 -942 900 754 -160 -343 -326 477 844 380 -743 705 -973 768 547 -541 317 565 -731 823 -95 -612 -210 -120 -472 638 -301 738 177 559 971 767 -665 -75 -512 -614 -36 15 793 439 128 960 786 -943 -731 -364 176 397 -5
-341 -889 -132 -298 -802 391 -745 655 -814 305 -185 645 175 -931 -172 -465 -296 48 -368 -288 -182 245 -215 978 -605 -249 346 -333 372 -65 -681 452 241 391 -205 -807 -617 -920 -275 -561 -120 -568 398 974 -668 -382 -132 -907 277 886 901 -501 182 849 -29 -404 23 401 -414 -131 854 137
729 992 -714 -790 -142 -173 72 -671 982 277 352 162 -650 601 -845 -465 -56 916 -927 717 -73 745 -172 -903 304 -50 523 362 758 979 -992 -569 868 57 423 -122 -856 820 166 -620 -910 -705 -710 -225 964 930 -167 786 465 187 264 403 -357 -397 917 -128 -325
-727 -642 -197 -314 -93 -220 -905 291 990 112 527 -343 30 637 -550 -176 493 318 56 424 -330 -287 -912 -966 -265 882 795 -329 351 -491 271 549 -685 -568 823 662 219 -305 26 363 820 -613 -298 245 -104 620 810 697 -904 -891
425 -613 -337 -768 910 681 -635 79 -224 -87 6 -268 -436 -207 187 -418 98 361 -373 -79 -309 425 68 -64 -379 -492 -833 657 64 -368 658 956
-559 785 -918 -457 -442 582 -850 -886 278 -70 -585 886 -305 737 433 -160 81 -166 294 -561 762 405 929 539 360 -805 -353 742 -785 508 -896 -504 -627 -941 -336 -639 -678 601 64 -363 359
-588 -176 974 739 -186 961 -639 -899 100 424 560 713 -344 44 809 333 630 858 809 -91 -225 -796 -881 -331 -892 894 -719 -193 -805 591 -657 861 158 135 893 840 -269 434 -800 156 -473 -858 36 -682 409 216 -177 547 47 -625 -219 -231 -703 -317 -818 -490 179 45 353 -263 472 455 341 -107 -362 603 -975 -390 868 -99 -591 -326
-77 218 196 -406 -866 12 94 -799 -287 -287 477 409 -934 923 -645 -328 3 549 -516 -406 989 -305 982 315 489 -628 212 -971 -747 -661 -105 250 930 877 -685 -267 -337 -808 -908 123 -861 -815 59 -401 -683
-431 -522 548 -158 153 -335 359 -941 387 934 -954 -308 677 523 294 -60 -820 -478 381 866 490 -681 -501 -937 -886 459 351 -439 -306 -702 565 811 -249 166 -328 521 -33 -89 -57 110 703 199 -522
-455 189 -873 -606 672 -481 945 -570 -375 270 -4 -514 -604 644 -126 -140 483 719 320 291 865 -397 -237 -448 -498
-478 -133 -404 -280 610 -534 -977 239 433 -583 854 -529 -821 684 -215 -794 325 -407 -388 -492 -148 -375 -754 -178 -981 339 -188 18 411 71 -733 898 -203 -181 -689 -167 -162 166 695 631 147 446 -838 -114 -257 -374 116 946 -92
-131 622 -861 814 -655 262 -811 701 -220 202 455 -715 -703 -848 -793 533 953 10 447 -344 -461 934 301 -230 470 -515 364 -811
-417 624 137 -49 679 -929 -860 -995 512 214 -186 846 293 -793 461 -918 -14 -403 160 315 -512 -349 760 113 98 359 -31 -277 -854 -274
-648 788 296 126 -959 -147 498 689 -486 494 895 -970 -897 363 322 -569 482 906 -761 489 -476 365 -259 -756 908 515 827 967 286 -520 415 -857 123 -388 842 -677 201 -668 552 -742 -861 -699 -159 52 -29 92
-219 -351 -938 -535 306 -533 722 395 555 559 -302 -913 430 -752 367 832 -226 -734 -113 -470 648 -470 289 850 -711 162 654 977 966 544 983 -984 -518 -131 353
-198 521 -977 -938 -215 -839 -415 -178 531 -592 796 -316 -975 419 -224 -7 571 -488 284 211 245 -592 -571 87 559 527 11 -976 58 -424 803 -890 405 -511 324 -758 -780 -584 67 -123 -904 423
-433 -75 -844 186 -70 -992 213 826 437 -68 740 65 770 -727 -672 -584 -128 347 -742 -281 46 -262 -510 418 -563 355 -220 873 -418 -600 859 159 -716 178 900 555 935 -756 -14 -83 -593 -194 -955 -687 -870 -23 226 -219 -804 -908 -41 223 604 276 216 761 657 -328 261 76 -835 960 223 -844 850 614 899
107 105 851 -107 83 -848 -745 -584 -774 -461 809 -291 -824 -470 -489 880 -835 -803 560 -606 287 -453 573 817 -106 381 320 532 921 -685 -378 709
802 335 908 -415 500 -942 643 467 -715 28 -575 51 -550 227 277 936 -235 808 675 242 -534 -255 989 -676 630 706 444 611 870 -926 -928 98 -985 -758 183 343 -457 570 -185 -447 642 -1 -307 -152 944 448 -894 -720 795 -609 -466 -270 -785 -896 369 747 196 674 -325 480 38 917 -933
593 865 -209 -76 924 -442 326 946 352 186 900 997 509 -864 380 -595 123 -110 776 475 577 965 -633 -453 -677 -453 -430 322 110 -251 934 -14 124 -689 -67 734 -391 -562 934 449 106 -626 138 -660 375 756 113 -884 -729 -466 670 404 -520 178 -128 -305 -644 974 -418 -907 -216 746 218 -450 -387 956 134 -166 345 749 -665 564 343 -871 -858
798 62 418 63 -981 -686 586 -262 -77 -184 -813 -794 -929 555 110 815 -614 -67 -487 964 -763 906 -777 -94 -220 -428 634 425 510 -258 -109 112 306 -102 -862 -143 -136 545 -750 407 276 -708 199 -718 228 178 230 255
-209 296 -447 992 -456 -742 -543 394 -353 -826 -594 -878 -655 479 927 95 297 870 -18 302 -820 -440 -132 503 728 938 569
-635 -163 -989 809 633 -765 -358 -441 662 -820 -242 -317 829 -165 4 -992 761 350 -667 -618 425 -175 -618 -285 -72 97 219 -539 409 -926 109 868 -760 473 982 -59 338 662 758 963 732 -82 -56 432 511 -226 -671 -132 -157 -913 50 -723 -671 -483 756 -251 569 132 721 534 -960 709 -330 135 -242 789 329 36 -379 120 935 430 -89 -928 165
82 66 378 167 249 976 847 -152 -866 824 360 128 -193 937 225 -148 476 272 691 983 950 5 -600 982 -328 349 -531 420 -577 833 -508 717 -396 38 921 -925 597 257 675 728 -152 722 -707 -149
364 114 -543 890 -633 -236 -437 928 849 577 -616 -759 174 -30 -972 -744 -974 160 676 -338 -677 -518 991 -599 -829 946 555 205 816 833 -345 -747 -503 -9 -777 -143 -190 -703 -646 -516
-982 26 -829 830 370 378 -329 883 -985 819 -853 130 615 900 -219 659 586 -373 -518 -912 718 -671 -239 60 -896 247 -894 -472 55 -502 384 175 -634 -817 -331 -784 -204 -484 420 811 -921 -20 -942 -1 -523 -297 472 -513 -249 -737 808 -523 -61 -744 -253 47 420 -815 -672 -295 784 -147 -788 599 857 -44 833 -747 663 -615 -522
-393 -266 -247 926 535 324 -926 300 -282 -501 -491 214 643 -903 538 748 -334 -473 -761 -551 -125 519 -610 567 -47 -381 676 980 418 572 594 174 833 -712 -100
-562 -986 814 811 -615 -520 -512 985 -121 573 -29 -665 -273 -489 -173 883 969 154 970 501 -199 -845 615 148 349 -526 -513 309 -199 -56 187 356 -842
987 -989 -433 665 -532 677 -47 -677 -890 203 -660 752 -870 -546 180 832 -891 -671 588 -409 -803 -806 263 -424 923 -778 169
978 -794 -286 68 -302 -496 -215 624 -201 -613 -841 -210 254 -185 -559 -692 89 926 218 283 885 313 586 669 -599 748 -94 103 849 503 -779 933 -962 -839 293 -240 -680
-50 -871 -194 -90 733 844 -191 -430 611 -822 -207 -174 -565 746 922 635 908 -877 9 -627 -419 -560 -539 335 451 -580 702 629 378 -715 186 -99 -786 -818 -222 756 933 489 -715 646 331 37 -267 -342 -252 369 834 -564 73 -234 -837 -805 47 -831 -86 462
-400 279 109 -550 988 988 92 -607 -666 -838 -154 493 412 901 611 160 -69 -372 -605 148 771 859 561 -156 -95 -948 775 -335 -605 -307 -591 613 452 634 -937 -581 774 966 -105
-325 -951 -575 -921 -732 -18 -476 -579 -479 25 -448 685 -267 -770 -500 680 518 -499 -30 697 389 680 -613 402 241 -160 7 961 332 -650 -277 253 -379 -897 -462 900 -371 -299 -57 431 -658 -475 659 -671 958 734 634 -243 670 -198 533 512 -274 -112 -827 10 -72 -966 -298 148 -377 4 -79 -31 515 -207 17 -77 244 738 934 109
283 -218 -977 -456 463 -224 -813 -849 330 -79 140 361 225 -812 379 -145 403 671 -401 121 -35 -281 714 336 237 -926 127 -78 -570 -265 99 708 -590 -855 627 -392 -805 794 -829 841 476 -640 292 390 -125 -246 835 -807
921 -268 -837 120 -72 32 -125 -133 -279 -150 -13 492 326 -568 105 446 612 -491 -912 196 461 289 -389 870 248 -920 818 -360
951 -520 902 -331 -834 -104 -465 -524 215 -181 440 289 -810 -449 227 -194 426 512 -654 489 -66 250 -360 264 970 -341 -166 972 502 599 -101 432 -887 11 299 537 -488 -241 924 981 -258 -155 -596 427 -548 -796 -280 -228 244 670 -581 519 944 -62 -593 635 639 859
-378 -855 586 -606 -155 840 763 809 -717 598 619 -430 662 -876 -743 -443 -918 61 -683 239 -394 163 331 -38 -513 961 717 157 -765 141 -754 -390 24 -678 -326 233 -362 -65 -10 988 578 391 -276 265
-802 310 -969 -153 -221 263 -886 -457 793 -610 56 -914 436 125 -726 839 483 -381 906 532 740 -940 -198 409 -69 314 -726
218 -728 970 449 -83 84 299 -860 -766 -374 242 60 -685 -737 698 -966 -132 508 -516 43 -828 -178 -86 70 -143 212 393 -700 -25 -633 169 867 162 460 923 -414 -152 964 458 -14 -536 -291 129 -773 666 -72 -653 -102 -877 -824 889 189 -872 -162 514 -213 -158 -333 -728 -472 -774 -251 994 -224 -373 -809 -225 482
-498 855 -489 -777 -352 784 -125 -649 -747 -545 -77 -190 -394 -986 403 68 712 280 -15 71 -263 -197 276 -673 867 -961 227 513 -933 810 374 -225 340 -251 973 166 -502 951 -251
-798 738 -802 -393 -60 -444 453 -408 896 -775 522 516 -348 -632 -140 519 894 19 -776 91 190 969 502 606 919 44 -257 -742 -294 642 637 -443 498 -442 35 -245 -724 -196 -325 -683 -312 474 -855 -872 -360 -496 447 897 229
188 -267 221 -833 555 -958 -922 -432 -261 -722 964 151 -701 -600 238 -925 -214 -483 -417 -357 137 719 -161 -259 870 -207 302 689 886 -804 893 247 786 -724 609 134 -808 765 757 -794 96 -170 369 -482 238 -641 -613 -876 765 518 988 729 479 864 937 437 420 626 -907 50 -473 -825 -720 -98 -346 66 -792 -676
42 -916 -601 -960 991 -884 -107 -416 529 -262 -883 -201 572 -508 -215 -985 -630 -475 957 -407 -195 404 386 613 -955 4 -156 942 -552 195 147 -704 -670 384 -703 761 415 113 270 -843 -29 -946 -848 -151 -101 -858 -752 677 314 -20 -601 -983 -716 725 -902 -577 -7 243 -531 221 -546 -928 915 126 126 -938 -344 79 537 196
-107 -151 -254 174 -494 480 -680 401 948 -334 852 51 977 372 -427 313 810 75 -891 839 -395 -734 261 -180 822 -322 375 456 337 -389 157 -236 -151 -409 -189 609 269 987 385 -339 806 185 -225 345 965 687 -432
645 -709 302 712 -882 620 -655 146 -188 888 -811 643 163 -882 536 -654 982 -7 335 -199 -860 -375 403 -296 -404 -923 864 208 -612 -90 35 287
-406 572 -422 100 -612 598 -935 937 782 -78 800 869 860 687 681 520 -594 -145 198 785 -95 287 -449 862 -304 406 -922 -431 86 -663 -216 -184 -874 -95 267
-630 -385 -660 721 -103 -145 346 634 -931 -764 95 -27 880 -100 -892 -11 13 -495 57 435 -864 -506 840 -176 -246 -429 -87 748 -172 -405 -818 -385 658 -980 -854 21 879 256 222
-999 -856 -954 -792 907 -327 89 -189 -540 990 612 43 386 -876 381 -587 558 941 651 558 852 -873 -53 169 389 85 -111 -25 786 -741 564 -285 -478 -303 171 -48 766 122 -643 -257 432 721
-598 906 960 -43 37 -387 -295 -253 -673 -82 -367 -520 -249 717 -797 828 169 449 -965 759 186 859 -710 -711 790 530 -33 192 -353 -724 420 -156 -189 934 -27 833 -94 335 -438 -717 30 695 762 -704 355 -29 -401
-643 -458 -464 807 267 -748 743 -225 -126 240 -962 -338 -539 -711 -887 177 -103 976 -74 373 -614 257 -526 -522 -922 407 289 677 -749 923 422 -732 423 -171 -417 -867 641