-35 -11 198 N/A 366 N/A 257 -140 986 -14 913 N/A -47 925 N/A -373 N/A -659 -202 -963 -461 -720 N/A 450 N/A -772 -764 -386 915 -748 225 N/A 420 N/A 637 N/A 842 536 -423 832 N/A -71 -694 862 536 843 -920 N/A 339 -715 N/A -586 -664 -729 647 -572 N/A -928 -760 710 -159 N/A 471 N/A -827 686 N/A -866 724 -13
731 154 938 N/A -109 N/A -308 -912 -138 N/A 438 815 N/A -392 -425 -403 N/A 292 -106 N/A -579 N/A 777 -192 -76 N/A 215 -987 N/A -982 -931 134 -110 -779 14 577 -99 385 846 N/A -173 146 -44 N/A -600 -432 N/A 879 941 -462 -763
789 -6 N/A 314 N/A 960 -742 771 N/A 619 -629 -622 N/A 798 20 -948 79 N/A -594 115 N/A -238 23 513 N/A 674 N/A -469 N/A 703 -610 418 415 -373 691 N/A 660 810 -806 -693 -149
40 N/A 341 693 508 925 N/A -122 970 101 327 544 N/A -436 670 418 N/A -922 802 N/A -833 -660 791 N/A 49 -652 -929 N/A 781 -715 -223 N/A -897 -337 822 N/A -252 N/A -747 N/A -372 N/A -853 -821 542 143 N/A -626 -462 N/A 345 -781 0 535 250 312 -335 N/A -586 -334 -411 337 -578
-960 -219 393 N/A 199 138 N/A -69 -534 564 464 N/A 931 260 718 718 N/A -134 N/A 776 -263 N/A -33 N/A -336 -187 -602 597 N/A 573 N/A -425 N/A 132 366 630 -802 -149 256 856 -124 115 -547 -897 -1000 -816 N/A -733 N/A -338 -563 N/A 243 -827 935 N/A 446 56 -368 N/A 500 175 154 485 N/A 664 -658 N/A 288 -935 -703 N/A 280 -910 -742
784 288 N/A -365 N/A -542 N/A 666 519 -713 83 N/A -343 729 874 -607 N/A -798 -312 503 -367 757 -85 N/A 336 -136 -279 865 N/A -485 579 N/A 938 N/A -558 -15
-936 -238 N/A 909 N/A 99 729 958 -990 -50 -260 399 319 -455 -744 38 N/A 166 N/A -922 N/A 40 -230 N/A 259 -271 -837 277 -312 N/A 76 458 N/A 102 -807 N/A 857 N/A 444 N/A -335 111 -300 250 -942 785 N/A 244 858 N/A 439 -400 N/A -13 -805 703 -871
-42 -101 842 N/A -916 603 -699 -408 47 709 -774 N/A 478 N/A -774 96 -229 523 911 674 -653 240 -942 670 N/A -687 N/A -980 N/A 376 -324 N/A 866 -741 271 593 N/A -209 N/A 659 854 985 N/A -997 N/A -148 474 N/A 805 359 740
-224 227 402 N/A 657 -608 N/A 419 -65 448 217 N/A -159 685 N/A 878 N/A -922 375 -277 N/A 339 -495 90 -721 634 807 692 -740 999 N/A -193 -222 N/A -764 -540 468 N/A 147 N/A -707 N/A -186 N/A 537 437 N/A -200 347 216 -338 -195 72 -817 -376 476 471 -449 -833 N/A 651 N/A 714 317 17 N/A -212 N/A 140
-874 698 -190 590 N/A 184 -672 N/A 257 -923 N/A 657 -440 -865 -139 N/A 762 704 N/A -604 -387 -236 -282 N/A -860
-733 -222 N/A 512 -137 -110 N/A -570 -238 810 N/A -321 -436 N/A -579 N/A 399 800 619 -197 195 N/A -66 97 -775 N/A 118 -258 -481 N/A -318 663 766 -84 -932 97 947 418 -891 N/A 221 N/A -294 -756 N/A 718 N/A 259 319 -40 150 N/A 845
-112 N/A 192 587 N/A -189 N/A -1 -457 196 146 299 N/A 761 N/A 863 757 -326 -343 N/A 987 113 N/A -903 938 319 -497 176 -980 579 -494 751 657 -87 836 43 734 N/A -731 319 -810 N/A 159 N/A 474 N/A 359 N/A 48 N/A -485 714 N/A -457 26 -781 -40
535 N/A -965 885 -854 48 N/A 319 -52 N/A 714 N/A -86 -391 709 -156 N/A 843 -416 -443 N/A -360 904 -516 N/A -384 457 N/A 536 -106 66 222 367 N/A -877 N/A -991 -718 506 542 269 N/A 999 787 -691 -62
271 134 N/A 465 -833 N/A 717 N/A 296 93 247 -776 N/A 509 644 -412 -37 245 -604 -548 N/A 318 -640 980 N/A 519 753 -331 -43 N/A 639 300 -873 N/A -253 N/A 331 -893 -8 -61 N/A 570
738 -478 N/A -197 -872 -778 344 405 620 N/A 835 N/A 74 -629 N/A 25 -423 -237 343 -986 N/A 774 -703 N/A 697
-946 N/A -549 N/A 597 249 636 -460 -885 738 N/A -776 889 -760 995 -894 N/A 10 152 N/A -206 141 N/A 84 -461 -855 N/A -660 480 880
-610 953 -786 -189 163 -742 N/A 554 N/A -896 -867 -685 -750 815 881 N/A -142 -63 -648 N/A 851 -655 -951 605 896 N/A 416 N/A -433 N/A -75 N/A 182 -879 -465 N/A -496 N/A -35 273 -100 602 237 N/A -423 103 -680 N/A 680 N/A 88 360 -977 474 N/A 218 982 -510 -988
346 N/A 387 396 126 859 700 -96 -722 687 N/A -484 451 -709 128 N/A 314 -585 N/A 671 542 962 554 N/A -887 200 118 -461 N/A 960 N/A -707 N/A -538
-611 392 N/A 9 -149 -389 780 574 N/A 363 N/A 79 267 N/A 698 N/A 484 840 -693 N/A 811 -775 N/A -445 630 -895 996 149
-160 841 -985 481 -712 -262 -422 N/A -319 223 444 217 525 N/A -768 N/A 792 N/A -754 -495 796 8 -10 N/A 493 N/A 80 87 N/A -533 542 -405 -52 N/A -864 -2 N/A -964 256 N/A -370 N/A 987 N/A 667 -540 -931 501 100 N/A 177 952 N/A -662 569 702 -386 -687 N/A 380 -567 531 N/A 324 883
854 62 647 N/A 977 229 627 99 -357 -552 N/A 326 27 522 -242 N/A -648 N/A -681 N/A -397 -517 486 793 -939 277 -291 484 985 N/A -262 -386 N/A 659 624 N/A 188 313 923 -817 N/A 782 491 N/A -520 514 N/A 823 N/A -580 865 N/A -938 642 -179
-134 N/A 505 N/A 978 968 -210 -657 289 462 190 548 367 -73 -907 N/A 29 N/A -949 N/A 453 N/A -731 206 -428 19 -346
557 453 -405 -683 N/A -637 N/A 259 N/A -928 N/A 63 436 451 -353 -21 -782 -284 N/A 686 212 N/A -67 806 N/A -519 -290 -733 -610 565 322 N/A -626 N/A -848 N/A -561 -917 -266 784 N/A 110 135 493 N/A -524 -819 -691 N/A 622 324 -472 -844 909
-227 N/A 678 N/A 185 -840 -321 105 796 -746 180 248 N/A 567 869 -687 N/A 475 -190 -769 -699 N/A 197 951 655 910 912 N/A 621 N/A 179 N/A -303 N/A 200 -872 -759 531 N/A -149 -864
-949 -529 13 462 N/A -266 N/A 316 N/A -315 N/A 990 N/A -238 179 72 N/A 857 N/A 647 943 594 337 752 N/A 773 -980 -539 -595 727 -519 -333
-167 391 -728 -351 -4 N/A 182 725 870 145 267 36 91 -676 N/A -663 472 544 -177 452 N/A 506 N/A -993 239 173 N/A -960 N/A -160 753 -383 693 N/A 768 N/A -874 N/A -423 540 594 16 N/A 309 -923 N/A 681 -140 N/A 707 107 -453 N/A 311 N/A -39
-116 -348 -900 811 932 442 N/A 156 -885 604 N/A 531 N/A -810 N/A -482 N/A -6 242 N/A 222 357 N/A -13 531 658 203 -117 -428 395 -553 N/A -310 -396 309 -183 N/A -31 808 688 79 N/A -435 N/A 572 -476 N/A -957 649 -814 -350 -430 N/A -636 120
768 654 N/A 762 N/A -805 590 N/A -313 -690 N/A -352 -146 147 -434 -93 915 -969 N/A 47 -48 739 179 -359 N/A 743 -936
-293 -923 -459 -353 71 731 -239 N/A -380 N/A -249 N/A -597 N/A -703 789 N/A 50 362 N/A -667 729 N/A 700 N/A 70 174 246 -785 954 -772 394 724 -15 408 -439 N/A -296
-252 N/A 111 -236 N/A 619 -760 339 744 N/A 28 986 -208 510 889 -311 N/A -290 424 N/A 887 686 -680 -468 752 N/A -303 N/A -418 N/A -197 262 -575 169 N/A 837 -663
-332 -427 -902 -22 N/A 366 72 N/A -441 -174 N/A 67 812 N/A 717 N/A 257 -24 720 -496 N/A -261 991 -80 N/A 917 -239 802 -513 -306 -587 -938 N/A 134 -65 765 882 -240 -935 N/A 964 -378 N/A -270 N/A 327 N/A -545 -877 -585 N/A -30 645 376 N/A -277
269 N/A -644 -117 488 897 -849 -883 -829 N/A 400 -89 567 442 283 835 N/A 897 -54 N/A -436 -353 N/A -322 N/A -698 -561 N/A -999 -539 N/A 367 753 N/A 827 -899 -272 N/A 81 N/A -369 887 N/A -815 -149 N/A -541 -124 -563 -246 -597 265 515 20 N/A -783 -126
-961 962 -306 -160 N/A -867 114 496 -476 N/A -679 56 213 N/A -694 -271 N/A -581 N/A 7 N/A -664 -881 -965 N/A -929 -411 204 92 -114 -462 -717 N/A 869 -121 N/A -39 406
-869 -914 -369 N/A 823 -800 86 -816 N/A 638 683 N/A 576 423 747 N/A -395 -439 254 860 -151 -347 -672 151 -457 -459 N/A 600 N/A 326 N/A 190 N/A -503
-299 560 474 999 731 N/A 737 -680 203 N/A -699 N/A 308 -93 -161 N/A -417 568 N/A -922 N/A 493 808 N/A -406 N/A 307 -658 97 -215 N/A 634 N/A -616 -596 238 635 464 487 760
-368 -542 -630 N/A 81 769 N/A -696 -639 105 -572 -141 N/A -534 N/A 783 -333 812 -1 366 -898 N/A -242 -872 -507 487 673 N/A -979 N/A -555 209 701 -437 -429 -573 N/A 181 -183 -551 N/A 189 209 N/A -806 N/A 43 -80 N/A 604 -726 -815 N/A -523 -236 150 N/A 168 867 -378 N/A 172
642 411 781 558 609 N/A 36 77 -344 926 894 N/A 660 -692 -526 N/A -186 506 -395 N/A 280 -114 905 477 564 22 N/A -790 N/A -69 N/A -98 466 205 -645 843 N/A -755 -373 N/A -415 -8 N/A -363 -835 N/A 986 -903 176 -815 N/A 834 -341 N/A -70
-215 350 962 -459 -134 N/A -525 N/A 793 310 N/A 741 -375 N/A -887 454 -799 542 -10 -190 412 N/A 314 720 N/A 113 N/A -135
-91 -995 543 9 N/A 780 661 -614 -60 N/A -28 724 N/A -697 -789 N/A 372 -629 -609 N/A 709 640 -383 34 700 -348 437 N/A 412 -566 -137 -140 N/A 485 -310 953 -660 N/A 537 N/A -75 -445 N/A 499 -384 439 N/A 35 N/A -743 -751 N/A 255 31 -530 301 -465 N/A -373 -626 N/A -621 -292 N/A -534
152 -469 552 N/A 432 N/A -617 -811 N/A 183 -711 580 N/A -225 396 N/A -235 276 862 260 N/A 147 N/A -518 -349 657 -417 354 -699 -194 -195 871 586 917 N/A 247 211 N/A 325
658 -11 880 -589 527 -874 N/A 722 -384 N/A -406 N/A -174 -234 N/A -444 19 N/A 107 -520 971 919 -777 N/A 645 -70 407 N/A 493 944 N/A 139
520 834 666 N/A -148 N/A -30 885 221 -609 -4 N/A 946 909 N/A -778 N/A -53 339 86 N/A 52 -478 924 -126 N/A -408 -135 -422 N/A -928 873 N/A -177 935 12
411 N/A -136 444 N/A -5 814 112 N/A -177 -759 356 -313 -135 723 N/A 857 -427 838 N/A -761 -992 864 N/A 430 854 -736 642 N/A 904
-491 N/A -247 -420 -799 -858 N/A -457 791 N/A -142 N/A -629 -451 -810 809 592 -228 -470 N/A 370 -84 335 -171 -384 N/A 416 389 -345 464 803 N/A 620 -433 N/A 391 N/A 27 N/A 895 -211
-971 N/A 677 -391 -64 -165 -16 880 N/A 187 -107 944 -872 N/A 613 N/A 609 N/A 709 N/A 917 -383 737 656 147 834 -350 -314 539 N/A -636 N/A 36 -866 889 644 -491 379 -871 552 N/A 181 N/A -215 N/A -666 -634 N/A -468 360 N/A -216 194 N/A 663 588 -967 N/A 950 337 954 -232 N/A -264 660 -400 495 N/A -248 626 887 -568 466 N/A 165
-961 103 -797 N/A -57 N/A -321 831 725 N/A -306 N/A -546 -183 934 N/A -625 967 474 -289 N/A -187 962 N/A 791 -787 836 -144 N/A 677 N/A -615 357 -470 -309 -476 -985 477
863 -150 N/A 47 -934 -743 -172 82 N/A -976 -685 N/A -445 N/A 152 857 -373 817 -429 284 272 N/A 878 N/A 959 567
359 458 -408 -762 N/A 250 N/A 850 773 -287 N/A 161 568 705 N/A 568 808 -235 -827 N/A 900 -201 N/A -221 N/A 821 -942 -188 -847 965
-668 N/A 178 N/A -78 -32 426 317 974 N/A -103 -768 514 -201 -253 701 N/A 929 N/A -834 -298 N/A -101 331 340 N/A -689 929 167 427 617 N/A -308 800 N/A 88 494 -844 -676 -130 615 N/A -929 205 483 -446 N/A -823 -197 534 N/A -459 861 561 40 -934 -687 N/A 365 N/A 285 N/A -481 N/A -758 N/A 156 490 -161 976 N/A 460 607 -469
-364 -422 -988 -376 536 -935 -670 753 776 -683 -517 N/A -215 -832 N/A -312 418 279 -930 N/A -314 N/A 867 -514 626 -667 -63 -318 N/A -676 -793 -662 -814 N/A -293 N/A -75 -877 N/A -697 877 N/A 508 -250 -510 550 853 N/A -273 N/A -291 N/A 770 N/A 526 824 N/A 448 431 N/A -714 N/A -73 659 740 694 -117
312 N/A 622 845 N/A -940 N/A -701 N/A 106 706 N/A 947 310 -810 -867 528 -234 N/A 273 594 N/A -119 N/A -249 -159 -648 820 -671 N/A 319 832 714 728 816 -553
-997 251 N/A 609 N/A -14 -410 -662 324 -119 16 N/A -68 -424 N/A 409 -505 N/A 1 390 N/A -559 -249 N/A -852 -701 N/A 544 -244 968 586 -36 -691 N/A 973 N/A -24 -427 N/A -585 995 N/A -751 504 -786 N/A 509 -605 43 N/A -274 -913 492 -210 -467 N/A -971 -274 -776 -334 -989 -848 788 N/A -191 528 -739
-197 279 N/A -743 123 837 -624 N/A -361 250 N/A 647 N/A 111 457 673 908 N/A -799 300 574 N/A -976 -584 -276 265
476 -372 N/A 608 620 751 509 -208 -147 N/A 427 309 N/A 153 N/A 497 84 994 586 N/A -566 -251 N/A 996 948 -515 N/A 707 419 -984 -610 N/A 412 N/A 988 -265 889 655 157 639 -579 386 399 183 N/A 161 N/A -641 N/A 268 -851 473 N/A -341 N/A -959 -831 894 N/A -914 -727 -878 -321 N/A -58
-271 -973 N/A 861 N/A 716 N/A -817 -574 N/A -774 N/A -231 931 N/A -116 -733 337 N/A -878 -888 N/A 626 -376 87 N/A 311 -893 -749 359 79 -938 19 N/A -508 N/A 699 N/A -475 N/A -755 -132 -848 236 874 -913 -935 491 -878 -141 -569 -755 -388 896 -897 N/A 938 606 N/A 588 959 -5 294
-55 258 -471 N/A 548 304 -521 -589 -436 -373 250 999 -325 526 N/A -886 N/A -846 N/A 135 -371 N/A -933 N/A 333 -221 93 565 50 N/A -461 N/A -186 N/A -806 -788 292 -154 N/A -461 -858 -716 N/A -760 223 N/A 193 -212 N/A -723 N/A -588 511 230 -309 -729 660 -888 N/A 250 988 -916 N/A 222 -384 911 N/A -872 -202 439 189 N/A 576
181 N/A 396 N/A -762 -555 142 190 943 749 913 816 N/A -601 463 -935 580 669 -505 N/A 807 -295 -591 -73 N/A -248 -782 N/A -286 -527 621 -470 67 625 N/A -110 N/A 798 -851 N/A 153 N/A 749 N/A 321 -864 N/A -125 461 N/A -326 700 -503 641 235 N/A -762 N/A -152 380
622 317 N/A 134 790 612 98 612 -507 N/A -923 946 N/A -80 834 -655 N/A 389 103 -81 N/A -245 N/A -798 777 116 454 345 N/A 638 -820 169 -302 N/A 176 N/A -27 -997 N/A -335 778